Time has passed:  8707.725744131021 seconds
avf of REG [ 0 ]: [0.43416276 0.43142792 0.43198808 0.4318241  0.43222412 0.43224025
 0.43211769 0.43240369 0.43243781 0.43233311 0.43346586 0.42951195
 0.42338557 0.4188815  0.41444468 0.4106269  0.40717519 0.40554898
 0.40286627 0.40057841 0.39924345 0.39697789 0.39527824 0.39403921
 0.39367685 0.3929092  0.38879772 0.38376674 0.39015952 0.408678
 0.42579958 0.44171349]
avf of REG [ 1 ]: [0.47388106 0.48307025 0.48814039 0.49046101 0.49253528 0.49355083
 0.494179   0.4950781  0.49555238 0.4958305  0.49507246 0.49357068
 0.48760828 0.48229801 0.47915243 0.4757795  0.47185207 0.4678882
 0.46666309 0.46468777 0.46223685 0.46142892 0.45984079 0.45786799
 0.45567318 0.45318109 0.4686007  0.48894056 0.490254   0.48928779
 0.48859549 0.48717514]
avf of REG [ 2 ]: [0.2690914  0.26993856 0.27090251 0.27141491 0.27144191 0.27165306
 0.27181766 0.27175484 0.27185652 0.27195893 0.27332979 0.30725744
 0.33610411 0.36226935 0.38202008 0.39977489 0.41696841 0.43501669
 0.44536951 0.45614422 0.46727255 0.47500681 0.48301387 0.49131199
 0.50076686 0.50915202 0.51053496 0.50896258 0.50568956 0.50318379
 0.50108177 0.49876295]
avf of REG [ 3 ]: [0.54068829 0.55071457 0.55258036 0.55339475 0.55374738 0.55405464
 0.55432152 0.55443266 0.55453186 0.55467343 0.55502833 0.53148685
 0.51089635 0.49327996 0.47732889 0.46411316 0.45276438 0.44249738
 0.43269096 0.42462487 0.41837669 0.41058287 0.40490221 0.40009753
 0.39530958 0.39017306 0.37843544 0.36488412 0.36166173 0.36135209
 0.36115903 0.3605947 ]
avf of REG [ 4 ]: [0.63069132 0.64477571 0.65003415 0.65192486 0.65353699 0.6544097
 0.65500984 0.65565878 0.65602736 0.6562693  0.65482952 0.65985417
 0.66156588 0.65903824 0.66332035 0.66493864 0.66382913 0.65808351
 0.66257293 0.66379608 0.66049162 0.66474158 0.66548958 0.6632941
 0.65915686 0.65559025 0.66724535 0.68241226 0.68183156 0.68276645
 0.68365838 0.68441782]
avf of REG [ 5 ]: [0.53185503 0.53422531 0.53339419 0.53346019 0.53298856 0.53291144
 0.53298735 0.53268668 0.53267083 0.53277772 0.53331457 0.5443145
 0.55332648 0.56195418 0.56786837 0.57316443 0.57890891 0.58689587
 0.58954441 0.59264325 0.59657731 0.59839251 0.60075934 0.60372366
 0.60864552 0.61326905 0.59785496 0.57613468 0.57175456 0.56872804
 0.56596477 0.56334097]
avf of REG [ 6 ]: [0.44643742 0.45182579 0.45457752 0.455597   0.45668729 0.45718462
 0.45735128 0.45790247 0.4580694  0.45813628 0.45717292 0.49347901
 0.52492816 0.5506675  0.57520544 0.5948984  0.61169836 0.62730633
 0.64225741 0.6544207  0.66363644 0.67501301 0.6838974  0.69093418
 0.69890123 0.70660073 0.71682785 0.72691112 0.71817811 0.70821937
 0.6990405  0.69047124]
avf of REG [ 7 ]: [0.89307444 0.91356059 0.9206526  0.9245201  0.9270116  0.92861767
 0.92973389 0.9306569  0.93132526 0.93187915 0.92962616 0.92624128
 0.92372148 0.92127563 0.91938657 0.91733889 0.91588484 0.91621517
 0.91503231 0.91375804 0.91281923 0.91165334 0.91088367 0.91030985
 0.91153269 0.91295777 0.91669808 0.92077932 0.90811302 0.88283112
 0.85953116 0.8377551 ]
avf of REG [ 8 ]: [0.66452392 0.67603513 0.67884823 0.68077662 0.68134703 0.68207226
 0.68272683 0.68277488 0.68309045 0.68343611 0.68148879 0.6799566
 0.69069248 0.70479277 0.70821963 0.71371665 0.72278876 0.73967857
 0.73861178 0.74162351 0.75051424 0.74833441 0.751001   0.75707946
 0.76865478 0.77914252 0.77208946 0.75984454 0.75631977 0.75195652
 0.74790277 0.74401595]
avf of REG [ 9 ]: [0.71540008 0.73361825 0.73938741 0.74288639 0.7442183  0.74560867
 0.74673901 0.7470688  0.74765266 0.74821489 0.74660776 0.74892477
 0.76013848 0.77284567 0.77826085 0.7844858  0.79271363 0.80562182
 0.80685121 0.81048047 0.8175641  0.81766622 0.82058161 0.82561093
 0.83392015 0.84144898 0.8492544  0.85664279 0.84178655 0.80983654
 0.78034542 0.75294185]
avf of REG [ 10 ]: [0.22696014 0.22485704 0.22197266 0.22089692 0.21984738 0.21939654
 0.21915282 0.21863349 0.21842947 0.21827947 0.21765955 0.28106399
 0.33999154 0.3706181  0.41339328 0.45018827 0.4726382  0.5082954
 0.53213083 0.55599989 0.57950949 0.59776226 0.6152917  0.61771866
 0.62728396 0.59884506 0.6186211  0.63729547 0.62411185 0.60041042
 0.5785453  0.56884293]
avf of REG [ 11 ]: [0.41794722 0.4217634  0.42218734 0.42283161 0.4226934  0.42281939
 0.42301029 0.42285958 0.42290267 0.42306701 0.42239459 0.38621378
 0.35507641 0.32684312 0.3050351  0.28558662 0.2675714  0.25021509
 0.2378891  0.22608664 0.21448048 0.20546377 0.19675911 0.18802633
 0.17954785 0.17140776 0.16359093 0.1555686  0.14933973 0.14366721
 0.13843456 0.13375911]
avf of REG [ 12 ]: [0.01196884 0.00624228 0.00423545 0.00322182 0.00259027 0.0021767
 0.00187972 0.00164746 0.00147345 0.00132801 0.00130257 0.01561049
 0.03000374 0.04400853 0.05322019 0.06218494 0.07115782 0.07994629
 0.08480254 0.09017772 0.09648825 0.09993474 0.10392177 0.10844406
 0.11279357 0.11683842 0.12628305 0.1374062  0.14246407 0.14749423
 0.15209743 0.15630515]
avf of REG [ 13 ]: [0.94467207 0.94489306 0.94495476 0.94494409 0.9449689  0.9449818
 0.94495977 0.94497863 0.94498833 0.94497036 0.94293674 0.90958494
 0.87359058 0.83897772 0.81581232 0.79432799 0.77177271 0.74308941
 0.73167814 0.71861795 0.70262324 0.69544577 0.68552947 0.67399777
 0.65643684 0.63987181 0.61197304 0.58196253 0.59875168 0.61399042
 0.62804391 0.64122313]
avf of REG [ 14 ]: [0.01573994 0.00817101 0.00554412 0.00419784 0.00337497 0.00282308
 0.00242677 0.00212691 0.0018936  0.00170669 0.00154893 0.00172829
 0.00185264 0.00184345 0.00211623 0.00214753 0.00217471 0.00275766
 0.00268907 0.00273374 0.00287687 0.00281786 0.00282917 0.00277615
 0.00315525 0.0030122  0.00351568 0.00334328 0.00320898 0.00308709
 0.00297465 0.00286925]
avf of REG [ 15 ]: [0.77312227 0.77368313 0.77298889 0.77303284 0.77310969 0.77314092
 0.77312086 0.77318625 0.77319779 0.77316196 0.77167059 0.77174818
 0.76216139 0.73874173 0.73184734 0.72437382 0.70916191 0.66510927
 0.66978769 0.66792969 0.6517378  0.65938758 0.65924984 0.64891193
 0.61838615 0.59035064 0.5990471  0.61870234 0.63401755 0.6479162
 0.66073299 0.67274316]
average AVF of Arch Regs at the end of analyzing window:  0.5148082455992468
