Time has passed:  25412.488205499947 seconds
avf of REG [ 0 ]: [0.98466184 0.98667632 0.98806455 0.98433382 0.94705408 0.93437366
 0.92787122 0.91773797 0.88557296 0.85633822 0.83112141 0.82382149
 0.83182587 0.83911751 0.84578807 0.85191332 0.85755752 0.8627754
 0.86761311 0.87211098 0.87630363 0.88022125 0.88388986 0.88733251
 0.89056947 0.8936184  0.89649557 0.89921485 0.90178902 0.90422943
 0.90654618 0.90860132]
avf of REG [ 1 ]: [0.00589007 0.00296074 0.00197622 0.00353061 0.01977079 0.02150366
 0.02003871 0.02078518 0.03139414 0.03882037 0.04893279 0.07449307
 0.11014038 0.14261581 0.17232248 0.19960252 0.22473901 0.24797755
 0.26952269 0.28955443 0.30822756 0.32567405 0.34201294 0.35734436
 0.37176064 0.38533929 0.39815253 0.41026374 0.42172767 0.4325966
 0.44291389 0.45271428]
avf of REG [ 2 ]: [0.00874139 0.00643572 0.00564986 0.00789242 0.02928272 0.06788666
 0.10578287 0.13867375 0.16600954 0.18367863 0.18862346 0.18404558
 0.17571067 0.16811781 0.1611719  0.15479376 0.14891639 0.14348318
 0.13844552 0.1337617  0.12939589 0.12531658 0.12149656 0.11791179
 0.11454128 0.11136631 0.10837033 0.10553873 0.10285823 0.10031711
 0.09790473 0.09569696]
avf of REG [ 3 ]: [0.34757154 0.34909585 0.34822319 0.34998332 0.34860698 0.36413003
 0.38138776 0.39709469 0.41449675 0.42342978 0.42590539 0.43627871
 0.45467117 0.47142789 0.48675525 0.50083138 0.51380037 0.52579127
 0.53690773 0.54724307 0.55687825 0.56587982 0.57431057 0.58222065
 0.58965942 0.59666525 0.60327625 0.60952559 0.61544042 0.62104876
 0.62637179 0.63129293]
avf of REG [ 4 ]: [0.99108994 0.99551013 0.99698939 0.99673376 0.99700272 0.98606692
 0.97421408 0.96067028 0.93222976 0.90296282 0.87310545 0.84785425
 0.82630872 0.80668022 0.78872534 0.77223716 0.75704436 0.74299888
 0.7299766  0.71786907 0.70658275 0.69603802 0.68616277 0.67689634
 0.66818309 0.65997588 0.65223158 0.64491136 0.63798251 0.63141333
 0.62517748 0.61926537]
avf of REG [ 5 ]: [0.99192366 0.99592921 0.99726911 0.99670487 0.99697621 0.99703803
 0.99723755 0.99219284 0.96072635 0.94872975 0.95179682 0.95430246
 0.95643033 0.95836234 0.96013472 0.96175604 0.96325429 0.96463373
 0.96591696 0.96711346 0.96822408 0.96926561 0.97023617 0.97115034
 0.97200536 0.97281414 0.97358021 0.97430033 0.97498512 0.9756304
 0.97624577 0.97667441]
avf of REG [ 6 ]: [0.00551381 0.0027716  0.00184998 0.00205774 0.00188764 0.00190214
 0.00177255 0.00269985 0.00826568 0.01042103 0.00986703 0.00941366
 0.00897518 0.00857575 0.00821034 0.00787481 0.00756562 0.00727979
 0.00701477 0.00676837 0.0065387  0.0063241  0.00612314 0.00593456
 0.00575724 0.00559022 0.00543261 0.00528365 0.00514263 0.00500895
 0.00488204 0.00490416]
avf of REG [ 7 ]: [0.00584767 0.00293942 0.00196199 0.0030676  0.00281404 0.00285117
 0.00265693 0.00269752 0.00249344 0.00249379 0.00248271 0.00247084
 0.00235575 0.00225091 0.002155   0.00206693 0.00198578 0.00191076
 0.0018412  0.00177652 0.00171624 0.00165991 0.00160717 0.00155767
 0.00151113 0.00146729 0.00142592 0.00138682 0.00134981 0.00131472
 0.00128141 0.00139859]
avf of REG [ 8 ]: [0.00465341 0.00233911 0.0015613  0.23368354 0.21436733 0.21366195
 0.19910603 0.24016472 0.22199517 0.24126911 0.25795858 0.2752517
 0.26243086 0.25075146 0.24006719 0.23025628 0.22121566 0.21285824
 0.20510926 0.19790458 0.19118903 0.18491421 0.17903822 0.17352409
 0.16833953 0.16345577 0.15884733 0.15449173 0.15036857 0.14645979
 0.14274903 0.16391379]
avf of REG [ 9 ]: [0.00290363 0.00145956 0.00097422 0.00189162 0.00173526 0.00185563
 0.00172922 0.00182269 0.0016848  0.0017431  0.00179279 0.0018303
 0.00174505 0.00166739 0.00159634 0.0015311  0.00147099 0.00141541
 0.00136389 0.00131598 0.00127132 0.0012296  0.00119052 0.00115386
 0.00111938 0.00108691 0.00105626 0.0010273  0.00099988 0.00097389
 0.00094922 0.00108408]
avf of REG [ 10 ]: [0.00419548 0.00210893 0.00140766 0.23395831 0.21461939 0.21392169
 0.19934807 0.24042809 0.22223862 0.24150214 0.25816782 0.27544872
 0.26261871 0.25093095 0.24023903 0.23042109 0.221374   0.2130106
 0.20525608 0.19804624 0.19132589 0.18504657 0.17916637 0.1736483
 0.16846003 0.16357277 0.15896103 0.15460232 0.1504762  0.14656463
 0.14285121 0.16399544]
avf of REG [ 11 ]: [0.98840976 0.99416309 0.99609041 0.99632884 0.99663154 0.99680373
 0.99701954 0.99714141 0.99735732 0.99747926 0.99758223 0.9976612
 0.99776954 0.99786181 0.99795121 0.99802712 0.99810129 0.99816427
 0.99822689 0.99828851 0.99834129 0.99839442 0.99843939 0.99848498
 0.99852333 0.99856282 0.99860297 0.998637   0.99867231 0.99870188
 0.99873273 0.998642  ]
avf of REG [ 12 ]: [0.00171189 0.00086051 0.00057437 0.00050603 0.00046421 0.00046483
 0.00043316 0.0004436  0.00041004 0.0004116  0.00040997 0.00040837
 0.00038935 0.00037202 0.00035617 0.00034161 0.0003282  0.0003158
 0.0003043  0.00029361 0.00028365 0.00027434 0.00026562 0.00025744
 0.00024975 0.00024251 0.00023567 0.00022921 0.00022309 0.00021729
 0.00021179 0.00022798]
avf of REG [ 13 ]: [0.01361043 0.00684149 0.00456653 0.23716195 0.21755821 0.21682514
 0.20205373 0.24310759 0.22471541 0.24395032 0.26059572 0.27785814
 0.2649159  0.2531259  0.24234047 0.23243665 0.22331042 0.21487386
 0.20705151 0.1997786  0.19299946 0.18666522 0.18073358 0.17516725
 0.16993359 0.16500358 0.1603515  0.15595466 0.15179245 0.14784666
 0.14410077 0.16541701]
avf of REG [ 14 ]: [0.00281409 0.00141455 0.00094418 0.00072519 0.00066525 0.00061648
 0.00057448 0.00053696 0.00049634 0.00046279 0.00043444 0.00041119
 0.00039204 0.00037459 0.00035863 0.00034397 0.00033047 0.00031798
 0.00030641 0.00029565 0.00028561 0.00027624 0.00026746 0.00025922
 0.00025148 0.00024418 0.0002373  0.00023079 0.00022463 0.00021879
 0.00021325 0.00020812]
avf of REG [ 15 ]: [0.01063189 0.00534429 0.00356718 0.23647178 0.2169251  0.27488768
 0.32428487 0.36918443 0.41690833 0.4567257  0.49037919 0.49519397
 0.47212853 0.4511166  0.43189498 0.41424456 0.39797995 0.38294446
 0.36900361 0.35604195 0.3439603  0.33267152 0.32210026 0.31218003
 0.3028527  0.29406652 0.28577566 0.2779397  0.27052188 0.26348976
 0.25681389 0.27533071]
average AVF of Arch Regs at the end of analyzing window:  0.3412104478258826
