Time has passed:  8.196846870006993 seconds
avf of REG [ 0 ]: [0.70254244 0.62796094 0.58188708 0.55821168 0.53827454 0.51397096
 0.52110241 0.53165379 0.52662645 0.4946219  0.4804988  0.48813227
 0.48765031 0.4908594  0.48957025 0.49182335 0.49029139 0.4927118
 0.49434547 0.49283134 0.49482438 0.49532878 0.49390318 0.4959794
 0.49677639 0.49719865 0.4963271  0.49810938 0.49921105 0.49927778
 0.49991381 0.48769466]
avf of REG [ 1 ]: [0.65090373 0.44939149 0.38728424 0.3715267  0.3594403  0.39344895
 0.400347   0.39653915 0.41206736 0.39259697 0.38939725 0.39045912
 0.39140448 0.39713109 0.39775071 0.40145709 0.40322375 0.40604232
 0.41375079 0.41470698 0.4163222  0.4223033  0.42263116 0.42529819
 0.43074107 0.43536106 0.43478648 0.43822289 0.44323709 0.44600273
 0.44523622 0.43194715]
avf of REG [ 2 ]: [0.4694617  0.39110634 0.33626766 0.36282601 0.35598072 0.35041915
 0.34471338 0.35405647 0.35541625 0.33194267 0.3173186  0.31145572
 0.31312167 0.31129354 0.31108422 0.31003566 0.30920482 0.30889995
 0.30591761 0.30495526 0.30499736 0.30363797 0.30304957 0.30212888
 0.30045103 0.29912792 0.30047654 0.29907664 0.29787077 0.29744994
 0.29817963 0.28846282]
avf of REG [ 3 ]: [0.27359886 0.18980208 0.22035608 0.2520138  0.2543572  0.25397779
 0.2739338  0.28919505 0.29324267 0.27981719 0.26857806 0.25717948
 0.2576673  0.25654275 0.25742429 0.25734528 0.25993693 0.25940834
 0.26060881 0.26351677 0.26306676 0.26534422 0.26727909 0.26664043
 0.26830027 0.26965127 0.27046568 0.27082131 0.27214608 0.27388037
 0.27377643 0.2642897 ]
avf of REG [ 4 ]: [0.49689441 0.41224501 0.34874159 0.33455225 0.35897887 0.3848216
 0.41549296 0.41942508 0.41679815 0.39844916 0.37961605 0.39444965
 0.39511243 0.40112856 0.39997871 0.40410332 0.40522038 0.4077624
 0.41109162 0.41164152 0.41411063 0.42067493 0.42013498 0.42270591
 0.4271989  0.43329579 0.43214625 0.43558777 0.44084606 0.44360174
 0.44393387 0.45496794]
avf of REG [ 5 ]: [0.42831263 0.34524197 0.25006658 0.23989205 0.23508613 0.24386459
 0.24466033 0.25113203 0.2666935  0.27071342 0.26172065 0.27429529
 0.27721763 0.28723363 0.28881708 0.29539309 0.29849077 0.30399215
 0.31525826 0.31823289 0.32448196 0.33223164 0.33303167 0.33863364
 0.34660933 0.35363768 0.35453725 0.35966537 0.36580752 0.36936128
 0.37152061 0.36530015]
avf of REG [ 6 ]: [0.42295031 0.48418837 0.35270524 0.33835462 0.3200585  0.36127728
 0.35092549 0.35806235 0.35150601 0.3702569  0.3348779  0.35362832
 0.35756921 0.35553857 0.35803876 0.35700239 0.36183918 0.3620993
 0.35572755 0.3594238  0.36030509 0.3556256  0.35749594 0.35741423
 0.35296026 0.35954645 0.3614467  0.36034994 0.35624725 0.36211979
 0.36387621 0.35981159]
avf of REG [ 7 ]: [0.53286749 0.34586589 0.39704494 0.38089027 0.41220033 0.44258569
 0.43802613 0.43280975 0.41718223 0.44374685 0.43757315 0.44833926
 0.45457883 0.4511442  0.4555386  0.45447459 0.45563842 0.45734146
 0.44929377 0.45136285 0.45361985 0.44772843 0.45044081 0.45145011
 0.44582431 0.44088312 0.4462537  0.44481828 0.43975388 0.43822984
 0.44084844 0.42604553]
avf of REG [ 8 ]: [0.45393375 0.32237413 0.19857967 0.1905     0.17684009 0.21960846
 0.22297365 0.21270517 0.19310886 0.20875848 0.22039109 0.24745669
 0.25044401 0.25318299 0.25570126 0.25830831 0.25901861 0.26238235
 0.25776529 0.2592166  0.26199084 0.25858822 0.26069151 0.26305381
 0.25977573 0.25670805 0.2592712  0.26128122 0.25830645 0.25714372
 0.25758051 0.25505836]
avf of REG [ 9 ]: [0.47619048 0.46885851 0.28893402 0.27717808 0.27722102 0.24281173
 0.25044982 0.23338194 0.21188069 0.28381185 0.28255473 0.26439965
 0.26929953 0.26490503 0.27020734 0.26665645 0.27046583 0.26809912
 0.26338146 0.26689163 0.26458446 0.26114815 0.26478202 0.26233393
 0.25906483 0.25600554 0.26039272 0.25772187 0.25478763 0.25464634
 0.25594443 0.25148383]
avf of REG [ 10 ]: [0.45419255 0.24761285 0.15204075 0.14585462 0.13079632 0.18286791
 0.17150771 0.1758425  0.16817486 0.15012197 0.17205723 0.22545907
 0.23271608 0.23899413 0.24502122 0.25069497 0.24780968 0.2564218
 0.25190963 0.24894184 0.25761903 0.25427319 0.25715148 0.26369375
 0.26040769 0.25733255 0.26269092 0.2656388  0.26261442 0.26013264
 0.2629085  0.25897754]
avf of REG [ 11 ]: [0.45419255 0.40592448 0.24931753 0.23917348 0.2465195  0.27167157
 0.26808326 0.26885894 0.24408923 0.23129278 0.24650469 0.2943959
 0.29837628 0.30290212 0.30765697 0.31203374 0.30983355 0.31718654
 0.31160511 0.30906862 0.31648913 0.31237871 0.31633502 0.32172458
 0.31771537 0.31396348 0.32134732 0.32330157 0.31962068 0.31760332
 0.32069263 0.30115777]
avf of REG [ 12 ]: [0.47308489 0.28203516 0.17493894 0.16782115 0.14260065 0.13804365
 0.14037446 0.13666832 0.13758502 0.11240637 0.10013932 0.09387107
 0.09280269 0.09160159 0.09053046 0.08955722 0.08819337 0.08769557
 0.08646951 0.0852965  0.08493773 0.08401518 0.08297654 0.08254578
 0.08171471 0.08091843 0.08026304 0.07967108 0.07896041 0.0781488
 0.07794018 0.07292902]
avf of REG [ 13 ]: [0.9057971  0.89496528 0.9152407  0.87800204 0.8964247  0.8549535
 0.8508464  0.79286217 0.79912795 0.72913661 0.75335223 0.76537487
 0.75354685 0.74651648 0.73660597 0.73286257 0.72753717 0.72712207
 0.71432713 0.70950507 0.70921741 0.7000064  0.69471468 0.69331344
 0.68467362 0.68825575 0.67970543 0.67608323 0.66838582 0.66873172
 0.67259847 0.683235  ]
avf of REG [ 14 ]: [0.47619048 0.20030382 0.37832279 0.36292987 0.30780228 0.27989324
 0.26209757 0.26009316 0.23616862 0.23334962 0.20720495 0.19257254
 0.18949233 0.18513614 0.18257003 0.17947337 0.17716239 0.17421431
 0.17114871 0.1692509  0.16632168 0.16416157 0.16259073 0.15999325
 0.15799947 0.15613366 0.15457257 0.15247294 0.15073699 0.14925931
 0.14754628 0.13805982]
avf of REG [ 15 ]: [0.03623188 0.29242622 0.46754111 0.44851814 0.38039003 0.4528848
 0.46172302 0.48594378 0.49868441 0.54783463 0.57494822 0.59024823
 0.59569657 0.58892072 0.59372837 0.58914747 0.58807369 0.58682376
 0.57649761 0.57476749 0.57376518 0.56631337 0.56525584 0.56300118
 0.55598527 0.54941966 0.55259744 0.54792606 0.54168775 0.54105741
 0.54476393 0.52262226]
average AVF of Arch Regs at the end of analyzing window:  0.34762769672305943
