Time has passed:  1166.2134509398602 seconds
avf of REG [ 0 ]: [0.3706381  0.5643751  0.61428296 0.64685071 0.67206595 0.68937448
 0.7023025  0.7125846  0.72099406 0.7280645  0.73397302 0.73903565
 0.74340861 0.74725735 0.75158215 0.75418809 0.75656664 0.73063315
 0.72480599 0.72051263 0.70906801 0.69800709 0.68788202 0.67915315
 0.67073304 0.66357747 0.6594765  0.65952694 0.64603624 0.6300073
 0.61173152 0.62543034]
avf of REG [ 1 ]: [0.30711826 0.35771642 0.42266997 0.46472656 0.49291411 0.51458792
 0.5313176  0.54472519 0.55550101 0.56442073 0.57190758 0.57832864
 0.58384226 0.58870186 0.59248241 0.59641261 0.59992832 0.58485674
 0.5834123  0.58330135 0.57753837 0.57230135 0.56736721 0.5634555
 0.55977848 0.55663281 0.55497434 0.55699966 0.54867111 0.54035874
 0.54700983 0.52778482]
avf of REG [ 2 ]: [0.2417023  0.48266422 0.54792907 0.59038147 0.62238724 0.64456613
 0.66134438 0.67469068 0.68557649 0.69472451 0.70236548 0.70893457
 0.71459312 0.71957227 0.72487016 0.72842935 0.73164436 0.73343012
 0.72991699 0.72762321 0.72591319 0.72509863 0.72382062 0.72289948
 0.72220481 0.72117199 0.7193578  0.71915746 0.71805359 0.69996092
 0.69896144 0.70804643]
avf of REG [ 3 ]: [0.21139832 0.37391923 0.49744718 0.57763329 0.63353282 0.67508757
 0.70703544 0.73245076 0.75300791 0.77013762 0.78451087 0.79683214
 0.80742167 0.81670907 0.82477931 0.83200459 0.83848927 0.83814768
 0.8309875  0.82561318 0.82102428 0.81809571 0.81516754 0.81262933
 0.81022825 0.80778042 0.80420198 0.80202789 0.79959314 0.78690157
 0.76673925 0.76966901]
avf of REG [ 4 ]: [0.55510904 0.55165749 0.61065348 0.64896381 0.6786198  0.69895221
 0.71428199 0.72648837 0.7364067  0.74480453 0.75179951 0.7578277
 0.76299507 0.76753894 0.77256589 0.77565526 0.77846467 0.75178534
 0.74473473 0.74102408 0.73017619 0.71973182 0.70947503 0.7017378
 0.69466774 0.68817664 0.6831591  0.68541646 0.68949448 0.67237991
 0.65277117 0.66614032]
avf of REG [ 5 ]: [0.51810726 0.57050533 0.66030173 0.71859699 0.75927863 0.78950075
 0.81256135 0.83102904 0.84589167 0.85837128 0.86873888 0.87772685
 0.88538237 0.892151   0.89814222 0.90334253 0.90805324 0.87754817
 0.85653815 0.8395285  0.81820723 0.79852082 0.77985709 0.76358176
 0.7483598  0.73463604 0.72349032 0.71657215 0.71737097 0.69920841
 0.70384429 0.71417994]
avf of REG [ 6 ]: [0.48494974 0.55046295 0.64474663 0.70594345 0.74877083 0.78051196
 0.80483972 0.82425632 0.83995202 0.85305152 0.8640299  0.87348986
 0.88158073 0.88872374 0.89501588 0.90051714 0.90548983 0.8753022
 0.85650759 0.84096846 0.82075083 0.80162608 0.78398112 0.76840698
 0.753668   0.74042788 0.72992309 0.72368936 0.70589491 0.68736839
 0.68754867 0.69840245]
avf of REG [ 7 ]: [0.33287374 0.58779824 0.6732689  0.72872682 0.76742575 0.79621531
 0.81815083 0.83578016 0.84990955 0.86181033 0.87150165 0.87992606
 0.88708016 0.8934518  0.89906549 0.90392277 0.90835429 0.87774702
 0.85794517 0.8419479  0.82150354 0.80210857 0.78422485 0.76849135
 0.75359409 0.74015418 0.72939553 0.7229201  0.70509511 0.68513072
 0.68458784 0.66318929]
avf of REG [ 8 ]: [0.23853673 0.39985029 0.5264024  0.60856067 0.66616532 0.7087409
 0.74144584 0.76748254 0.78859771 0.80616371 0.82092249 0.83358342
 0.84448345 0.85404695 0.86247545 0.86988985 0.87653926 0.8477117
 0.83136131 0.81684913 0.79772763 0.77961743 0.76314364 0.7482194
 0.73387463 0.72136707 0.71224096 0.7058293  0.68884087 0.66816261
 0.64932824 0.62324364]
avf of REG [ 9 ]: [0.30654523 0.44203882 0.55944345 0.63566385 0.68909698 0.72860583
 0.75893705 0.78309422 0.80266502 0.81898177 0.8326645  0.84442538
 0.85452423 0.86340106 0.871235   0.87810714 0.8842859  0.85500095
 0.83513235 0.81830633 0.79709308 0.77728643 0.75905818 0.74270155
 0.72714034 0.71327651 0.70240676 0.69498784 0.69739349 0.70478738
 0.69290242 0.70157098]
avf of REG [ 10 ]: [0.31528033 0.50440546 0.54868801 0.57746041 0.59671573 0.61146508
 0.62296026 0.63207483 0.63941973 0.64542998 0.65050294 0.65479371
 0.65856136 0.66180784 0.66437919 0.66709507 0.66948944 0.64652711
 0.63450424 0.6252673  0.61187056 0.59932681 0.58736384 0.5773758
 0.56808093 0.55968447 0.55301916 0.55046259 0.54026177 0.55414208
 0.54758022 0.56175401]
avf of REG [ 11 ]: [0.17871133 0.24308186 0.30191989 0.3402358  0.36656266 0.38624151
 0.40128326 0.41336996 0.42316153 0.43136357 0.43831906 0.44433323
 0.44938472 0.45386947 0.45756069 0.46100283 0.46411314 0.4486807
 0.44619414 0.44575357 0.44061885 0.435613   0.43081706 0.42728976
 0.42393978 0.42101056 0.41918905 0.42146236 0.41395682 0.43154258
 0.42882868 0.41032904]
avf of REG [ 12 ]: [0.50351448 0.55925353 0.64948837 0.70815515 0.74893358 0.77939854
 0.80251944 0.82117241 0.83607696 0.84868346 0.85909802 0.86820624
 0.87588246 0.88277281 0.8888449  0.89408745 0.89888227 0.868494
 0.85044614 0.83634435 0.8173274  0.79945821 0.78290092 0.76843392
 0.75469335 0.74244559 0.73288624 0.72779462 0.71022236 0.68966762
 0.69324656 0.70063297]
avf of REG [ 13 ]: [0.94264138 0.96468746 0.9720448  0.97680969 0.98017353 0.98266903
 0.98462235 0.98615293 0.98741748 0.98844928 0.98935712 0.99013058
 0.99078629 0.99137304 0.991877   0.99233185 0.99271537 0.99310241
 0.99343225 0.99370791 0.99397458 0.99421944 0.99444527 0.9946526
 0.99484625 0.99502533 0.99514837 0.99529479 0.99544692 0.99557494
 0.97489963 0.97596572]
avf of REG [ 14 ]: [0.14073507 0.33909984 0.47790142 0.56838384 0.6314419  0.67810671
 0.71389965 0.74243946 0.76552699 0.78478743 0.80093235 0.81481672
 0.82673424 0.83721612 0.84646092 0.85456604 0.8618617  0.83375847
 0.81933788 0.80743634 0.78960435 0.77259158 0.7570615  0.74322022
 0.72989745 0.71828729 0.70991181 0.70523803 0.68868098 0.68702861
 0.69132843 0.66260215]
avf of REG [ 15 ]: [0.76731439 0.46978414 0.36968307 0.30470354 0.25905049 0.22540169
 0.19949042 0.17892614 0.16220215 0.14834075 0.13666036 0.12668906
 0.11806845 0.11054957 0.1039128  0.09804818 0.09281102 0.10715999
 0.1020357  0.09773784 0.09359553 0.08979216 0.08628411 0.08306358
 0.08005553 0.07727384 0.07472454 0.07244702 0.0892051  0.08651092
 0.08376598 0.13059106]
average AVF of Arch Regs at the end of analyzing window:  0.6337207598590939
