Time has passed:  26041.64367366908 seconds
avf of REG [ 0 ]: [0.52142933 0.52957095 0.52531353 0.52073042 0.52145919 0.52086931
 0.52038628 0.52003238 0.51910775 0.51858869 0.51821306 0.51765507
 0.51729189 0.51697326 0.5165562  0.51619657 0.51583705 0.51552633
 0.51530292 0.51511909 0.51490933 0.51476504 0.51460984 0.51449057
 0.51443285 0.51438486 0.51430834 0.51425023 0.51422048 0.51719694
 0.51688925 0.51598715]
avf of REG [ 1 ]: [0.49511222 0.5004171  0.50564391 0.51282544 0.51624249 0.5187122
 0.52172572 0.52411964 0.52548283 0.52683382 0.52795414 0.52888192
 0.52975675 0.53052006 0.53118167 0.53183749 0.53254002 0.5331626
 0.53379887 0.53447935 0.53506351 0.53563718 0.53619065 0.53675353
 0.537318   0.5378578  0.53833674 0.5387918  0.53919718 0.54248354
 0.53989047 0.53796287]
avf of REG [ 2 ]: [0.35105954 0.35723495 0.35398786 0.34809317 0.3473543  0.34596583
 0.34427203 0.34296843 0.34166539 0.34069952 0.33997915 0.33928668
 0.33873146 0.33820847 0.33759805 0.33708294 0.33662855 0.33615702
 0.33575931 0.33539341 0.33499544 0.33464044 0.33424737 0.33394153
 0.33365469 0.33335214 0.33303918 0.33274328 0.33249999 0.34039484
 0.34223871 0.34416685]
avf of REG [ 3 ]: [0.24323493 0.24729638 0.24630025 0.24865714 0.24989314 0.25076059
 0.25214829 0.25311728 0.25391824 0.25457097 0.25517141 0.25582244
 0.25622645 0.25659042 0.25680825 0.25696698 0.25710529 0.25717762
 0.25723533 0.25726088 0.25730113 0.25732573 0.25732328 0.25735516
 0.25740195 0.25742256 0.2574307  0.25743105 0.25743731 0.26027318
 0.26091662 0.26148869]
avf of REG [ 4 ]: [0.53812396 0.55587622 0.55404611 0.54090909 0.53792538 0.53535921
 0.52992865 0.5258419  0.52345292 0.52094464 0.51887679 0.5172464
 0.51575429 0.5144659  0.51341337 0.5125003  0.51168845 0.51094829
 0.51029582 0.50969146 0.50914936 0.50866473 0.50821367 0.50777125
 0.50732599 0.50694637 0.50660291 0.50628784 0.50600757 0.50976915
 0.50880298 0.50766884]
avf of REG [ 5 ]: [0.40740804 0.39966096 0.3984087  0.41004862 0.41368057 0.41619341
 0.42099524 0.42464689 0.426695   0.42908093 0.43102144 0.43260832
 0.43405956 0.43525905 0.43636651 0.43739702 0.4383584  0.43920456
 0.44002939 0.44078342 0.44144099 0.44208596 0.44267815 0.44320833
 0.44370367 0.44418009 0.44461273 0.44502766 0.44540933 0.45200014
 0.45169306 0.45327004]
avf of REG [ 6 ]: [0.43094595 0.42226321 0.41495408 0.40746898 0.40549465 0.4046243
 0.40221837 0.40036704 0.39957346 0.3983121  0.39734676 0.3967179
 0.39602631 0.39540765 0.39483585 0.39429165 0.39382508 0.39340116
 0.39302346 0.39270075 0.39243121 0.39218874 0.39197812 0.39183637
 0.39173362 0.39162969 0.39151985 0.39141545 0.39130123 0.40255003
 0.40191835 0.40268825]
avf of REG [ 7 ]: [0.79121167 0.79850619 0.79512191 0.78859009 0.78825094 0.78756944
 0.78630397 0.78533229 0.78467243 0.78413956 0.78370766 0.7833328
 0.78300387 0.78272827 0.78247143 0.78222968 0.78199743 0.78178261
 0.7815996  0.78142455 0.78127991 0.78112763 0.78096696 0.78080687
 0.78066348 0.78051991 0.78038829 0.78026827 0.78016602 0.77090287
 0.77298141 0.77430736]
avf of REG [ 8 ]: [0.58575173 0.59134281 0.58327487 0.56785342 0.56526023 0.56243875
 0.55796546 0.55460614 0.55187329 0.54947178 0.54754214 0.54569682
 0.54430091 0.54302494 0.54179653 0.54069544 0.5396676  0.53874668
 0.53788368 0.5370085  0.53619357 0.53539098 0.53455597 0.53379818
 0.53308604 0.53235413 0.53165217 0.53100847 0.53045352 0.52073972
 0.52309833 0.52759108]
avf of REG [ 9 ]: [0.52446715 0.53019428 0.52516405 0.5200509  0.52014415 0.51929203
 0.51833922 0.51781115 0.51683772 0.51636431 0.51597835 0.51539006
 0.51503867 0.51470995 0.51451682 0.51432935 0.51408759 0.51398963
 0.51385611 0.51370138 0.51348978 0.51333118 0.51318551 0.51299878
 0.5128061  0.51267972 0.51250362 0.51237635 0.51224885 0.52183205
 0.52260818 0.52302575]
avf of REG [ 10 ]: [0.72017841 0.72889115 0.71939025 0.69779859 0.69389667 0.69041287
 0.68380212 0.67874345 0.67525082 0.6718213  0.66905721 0.66663965
 0.66467898 0.66298383 0.66148782 0.66013434 0.65897698 0.65798763
 0.65712034 0.65633777 0.65563861 0.65499103 0.65438148 0.65383835
 0.65336391 0.65289006 0.65244971 0.65205352 0.65168804 0.64753643
 0.65113316 0.65417017]
avf of REG [ 11 ]: [0.40490468 0.39599781 0.38949425 0.3854129  0.38490158 0.38413749
 0.38348472 0.38300563 0.38242212 0.3821248  0.38183161 0.38145615
 0.38124477 0.38101664 0.38083156 0.38070471 0.38056462 0.38044531
 0.38035325 0.38026824 0.3801703  0.38011013 0.38004661 0.37992873
 0.37983358 0.37975739 0.37967124 0.37961221 0.37957909 0.38619863
 0.38748656 0.39023556]
avf of REG [ 12 ]: [0.04318623 0.04357901 0.0431182  0.04039341 0.03968423 0.03917701
 0.03823998 0.03755177 0.03706026 0.03663966 0.03625455 0.03592807
 0.03567677 0.03542259 0.03523174 0.03507408 0.03495303 0.03482695
 0.03469633 0.03456163 0.03444752 0.03434101 0.03423117 0.0341061
 0.03399833 0.03389994 0.03381046 0.03373356 0.03364749 0.03331789
 0.03326224 0.03324365]
avf of REG [ 13 ]: [0.77191688 0.76591441 0.76013168 0.75164824 0.74961506 0.74828304
 0.74591404 0.74412351 0.74315525 0.74201975 0.74111733 0.7404561
 0.73987518 0.73939684 0.738982   0.73863799 0.73837282 0.73814716
 0.73798651 0.73785999 0.73776038 0.73766053 0.73758439 0.73753936
 0.7375121  0.73748742 0.73745599 0.73743361 0.73739823 0.72745172
 0.73018626 0.73333934]
avf of REG [ 14 ]: [0.05464248 0.05038232 0.05257972 0.05411098 0.05418766 0.05484635
 0.05533573 0.05575794 0.05608575 0.05628606 0.05643755 0.056509
 0.05657851 0.05660579 0.05660633 0.0565854  0.05654255 0.05650294
 0.0564544  0.05640483 0.05634516 0.05627569 0.05622676 0.05618316
 0.05614611 0.05611479 0.05608093 0.05604907 0.05602245 0.05507021
 0.05571424 0.05531787]
avf of REG [ 15 ]: [0.97527173 0.97953699 0.97963646 0.97902681 0.9806602  0.98187031
 0.98257674 0.98314795 0.98363949 0.98396811 0.98425758 0.98450134
 0.98470463 0.98483713 0.98497369 0.98508627 0.98520443 0.98532523
 0.98544549 0.98554271 0.98563781 0.98571929 0.98579709 0.9858592
 0.9859188  0.98595816 0.98600355 0.98604944 0.9860994  0.98658034
 0.9834427  0.9784656 ]
average AVF of Arch Regs at the end of analyzing window:  0.4808080669926005
