Time has passed:  24544.741802375065 seconds
avf of REG [ 0 ]: [0.47013193 0.47028713 0.47109086 0.47149632 0.47173899 0.48102787
 0.46599287 0.45882998 0.46250508 0.45723593 0.4472275  0.4474994
 0.44815765 0.44835503 0.44139773 0.44096867 0.44187497 0.44457754
 0.44456327 0.44326346 0.44090728 0.44289417 0.44283128 0.43889176
 0.44009307 0.44008719 0.44067187 0.4378048  0.43846173 0.43768739
 0.43825145 0.43523901]
avf of REG [ 1 ]: [0.48317712 0.4871509  0.48924078 0.49037415 0.49108007 0.56903784
 0.63417499 0.68375943 0.71999473 0.74741171 0.77000774 0.78832492
 0.80342011 0.81610602 0.82670456 0.83646497 0.84473548 0.85207845
 0.85846884 0.86426325 0.86966992 0.87429832 0.87839654 0.88241824
 0.88587764 0.88897905 0.89196501 0.89486455 0.89735327 0.89960636
 0.90183325 0.90397638]
avf of REG [ 2 ]: [0.33706671 0.33785983 0.33804492 0.3382746  0.33829201 0.33980719
 0.34532244 0.34778921 0.34916023 0.35135736 0.35326291 0.35425529
 0.35497639 0.35566098 0.35700118 0.3573438  0.35764589 0.35773393
 0.35807993 0.35855826 0.35889712 0.35895831 0.3592609  0.35973545
 0.35979852 0.35993715 0.360016   0.36039738 0.36045745 0.36073763
 0.36082284 0.36112288]
avf of REG [ 3 ]: [0.5407455  0.54460236 0.54583578 0.54643691 0.54665738 0.61492903
 0.67239103 0.71611804 0.74755899 0.77137039 0.79135509 0.8072903
 0.82037053 0.83139492 0.84067069 0.84929239 0.85645093 0.86282761
 0.86840991 0.87352354 0.87835714 0.88229925 0.88587345 0.88948971
 0.89246159 0.89512324 0.89774379 0.90037449 0.90250767 0.90443338
 0.906384   0.90831264]
avf of REG [ 4 ]: [0.43412987 0.4359977  0.43743157 0.43797602 0.43810625 0.50911239
 0.57535163 0.6238853  0.65691613 0.68476797 0.70910598 0.72623909
 0.74029318 0.75223322 0.76457472 0.77376445 0.78122656 0.78722794
 0.79325471 0.79911075 0.80481259 0.80852    0.81247476 0.81740785
 0.82033451 0.82331319 0.82593306 0.82954397 0.83169838 0.83417063
 0.83608922 0.83901584]
avf of REG [ 5 ]: [0.30326407 0.30241001 0.30258634 0.30264604 0.30271175 0.40907542
 0.49522214 0.56146138 0.61016566 0.64630531 0.67609884 0.70052698
 0.72059995 0.73740355 0.75145299 0.76436137 0.77541322 0.78527585
 0.79376123 0.80142291 0.80856621 0.81477707 0.82013281 0.82537174
 0.83010426 0.83424216 0.83825177 0.84191523 0.84530982 0.8482957
 0.85122528 0.85397281]
avf of REG [ 6 ]: [0.3971518  0.39802565 0.39868006 0.39933895 0.39987605 0.33400217
 0.28043243 0.24023815 0.21092199 0.1886397  0.17026828 0.15547819
 0.14334197 0.13313402 0.12447198 0.11661449 0.11000181 0.10413565
 0.09899474 0.09431091 0.0899566  0.08629014 0.08297456 0.07969897
 0.0769216  0.07442454 0.07202198 0.06965269 0.06767255 0.06583225
 0.06403362 0.06225737]
avf of REG [ 7 ]: [0.86582546 0.87374494 0.87627697 0.8776091  0.87837829 0.88812653
 0.89369309 0.90040343 0.90429398 0.90671586 0.90957511 0.91172721
 0.91346713 0.91494758 0.91594033 0.91747759 0.9185947  0.91953241
 0.9203324  0.92111606 0.92189266 0.92237174 0.9226441  0.92319824
 0.92361417 0.92385016 0.9242345  0.92450185 0.92481268 0.92494914
 0.92517881 0.92538821]
avf of REG [ 8 ]: [0.76126538 0.76747454 0.76922682 0.77016169 0.77072754 0.80212117
 0.82814955 0.84895274 0.86441953 0.87612593 0.88563123 0.8936817
 0.90017741 0.90566693 0.9099787  0.9142214  0.9178307  0.92111395
 0.92387279 0.9263862  0.92865182 0.93068931 0.9324476  0.93406175
 0.93557354 0.93687227 0.93817214 0.9393572  0.9404259  0.94136044
 0.94235961 0.94312962]
avf of REG [ 9 ]: [0.49906777 0.50315482 0.50425293 0.50479621 0.50512722 0.5805364
 0.64303883 0.68985582 0.72427811 0.75044339 0.77161545 0.78900244
 0.80342122 0.81563205 0.82554864 0.83487797 0.84282516 0.84981066
 0.85596675 0.86148328 0.86639644 0.87079066 0.87470181 0.87834147
 0.88168706 0.88469146 0.88756364 0.89014933 0.8925782  0.8947589
 0.89689188 0.89884425]
avf of REG [ 10 ]: [0.24435472 0.24553294 0.24600961 0.24617853 0.24632763 0.36216443
 0.45633704 0.528032   0.58140484 0.62187882 0.65415022 0.68113362
 0.70339234 0.7222383  0.73737026 0.75162947 0.76392912 0.7748179
 0.78431799 0.79280691 0.80029554 0.80722142 0.81333039 0.81881045
 0.82399039 0.82864826 0.83307932 0.83700131 0.84078359 0.8441562
 0.84748012 0.8503539 ]
avf of REG [ 11 ]: [0.46991804 0.47314239 0.47417331 0.47482359 0.47517826 0.47063477
 0.45878165 0.43798898 0.43604573 0.43085246 0.41524817 0.41234311
 0.41144338 0.41062235 0.40170191 0.3981898  0.39762147 0.39907449
 0.39875777 0.39616176 0.39135308 0.39278647 0.39352197 0.38799835
 0.38797494 0.38843867 0.3884944  0.38558694 0.38586128 0.38581074
 0.38657992 0.38280156]
avf of REG [ 12 ]: [0.01943916 0.01745592 0.01680314 0.0164712  0.01626653 0.0143852
 0.01467009 0.0128425  0.01187232 0.01112997 0.01016466 0.00969278
 0.00925935 0.00891665 0.00849328 0.00812907 0.00791167 0.00774216
 0.00756648 0.00738256 0.00710527 0.00702653 0.00693233 0.00668864
 0.00660561 0.00653322 0.00645281 0.00627736 0.00623242 0.0061854
 0.00613988 0.0059878 ]
avf of REG [ 13 ]: [0.91854775 0.91806033 0.91771385 0.91758125 0.91749003 0.86497805
 0.83048826 0.81413845 0.78902302 0.77378753 0.7724706  0.7617484
 0.75124032 0.74255335 0.74362166 0.73976239 0.73413233 0.72717434
 0.72272745 0.72100482 0.72176374 0.71684308 0.71304297 0.71556181
 0.71297277 0.7102053  0.7079276  0.70865667 0.70652691 0.70490699
 0.7024849  0.70470121]
avf of REG [ 14 ]: [0.00651176 0.00331976 0.00223097 0.00168008 0.00134737 0.00394891
 0.00694973 0.00805194 0.00944747 0.01091255 0.01138371 0.01206939
 0.01266678 0.01323317 0.01345326 0.01372723 0.01400191 0.01427597
 0.01451611 0.01467747 0.01467891 0.01490914 0.01519458 0.01516856
 0.01528616 0.01546655 0.0155672  0.01564699 0.01573997 0.01587916
 0.01601594 0.01599733]
avf of REG [ 15 ]: [0.78516177 0.78511848 0.78509196 0.78478627 0.78488985 0.82148922
 0.85200009 0.8738758  0.89030937 0.9027796  0.91264073 0.92081416
 0.92758386 0.9332863  0.93805503 0.94227249 0.9459608  0.94922377
 0.95208839 0.95463918 0.95692455 0.95902087 0.96089392 0.96258962
 0.96417624 0.96562534 0.96696607 0.96818639 0.96933822 0.97040073
 0.97139928 0.97231513]
average AVF of Arch Regs at the end of analyzing window:  0.6289634967751797
