Time has passed:  18550.03654776211 seconds
avf of REG [ 0 ]: [0.08325618 0.07613813 0.07368607 0.17168343 0.24135555 0.28288307
 0.31303468 0.33586881 0.35384541 0.36814306 0.38001656 0.38997483
 0.39837638 0.40551602 0.41192736 0.41746304 0.42236421 0.42679505
 0.43075026 0.43437202 0.43762674 0.44062027 0.44321876 0.44560819
 0.44784623 0.4499496  0.45183552 0.45361403 0.45530237 0.45688968
 0.45839444 0.45975398]
avf of REG [ 1 ]: [0.44910004 0.44847331 0.44914148 0.48505093 0.50250505 0.49939341
 0.4971094  0.49506152 0.4933118  0.49201071 0.49117493 0.49008207
 0.48935092 0.48874746 0.48822918 0.48783529 0.48758986 0.48716497
 0.48682977 0.48656191 0.48631658 0.4860884  0.48570567 0.48545879
 0.48527443 0.48508747 0.48488884 0.48468415 0.48451991 0.48445045
 0.48433351 0.48427429]
avf of REG [ 2 ]: [0.19533468 0.19470519 0.1935974  0.28218793 0.32925377 0.35035506
 0.36546847 0.37695189 0.38575383 0.39295148 0.39905931 0.40376318
 0.40794041 0.41163932 0.41485444 0.41770123 0.42025699 0.42242533
 0.42446867 0.42623402 0.42789075 0.42938339 0.43066204 0.43180918
 0.43292781 0.43394075 0.43485758 0.43571923 0.43660513 0.43744848
 0.43816694 0.43885109]
avf of REG [ 3 ]: [0.30415989 0.30361408 0.30355568 0.37384203 0.39475624 0.38991031
 0.38659184 0.38379719 0.38158484 0.37977011 0.3784693  0.37694507
 0.37588588 0.37505537 0.37429459 0.37374093 0.37332497 0.37274242
 0.37227488 0.37194294 0.37160133 0.37135906 0.37093041 0.37066346
 0.37043684 0.37020999 0.36998362 0.36972846 0.36953632 0.36945041
 0.36929966 0.36912578]
avf of REG [ 4 ]: [0.38802499 0.38404939 0.38271461 0.39015827 0.44177586 0.47344469
 0.49627948 0.51352471 0.526992   0.53792682 0.54682582 0.55410275
 0.56037944 0.56588235 0.57054958 0.5747814  0.57848605 0.58186155
 0.58466808 0.58730438 0.58976568 0.5919527  0.59389414 0.59569155
 0.59733907 0.59883836 0.60029822 0.60160452 0.60279999 0.60405914
 0.60514197 0.60612473]
avf of REG [ 5 ]: [0.35010054 0.34649156 0.34502508 0.42965626 0.45026847 0.44648321
 0.44360464 0.44160119 0.44024096 0.43892922 0.43779271 0.43710152
 0.4363807  0.4356812  0.43517114 0.43465233 0.43415036 0.43379343
 0.43344536 0.43307954 0.43270727 0.43238111 0.43221209 0.43197431
 0.43174643 0.43156591 0.43137392 0.43125941 0.43112331 0.43087813
 0.430722   0.43060324]
avf of REG [ 6 ]: [0.10947448 0.09944717 0.09609677 0.15621986 0.19919539 0.25922466
 0.30291935 0.33564752 0.36159227 0.38245831 0.39957121 0.41391459
 0.42612319 0.43662427 0.44562802 0.45360839 0.46066092 0.46687662
 0.47252766 0.47763805 0.48221754 0.48637359 0.49015565 0.49368424
 0.49691799 0.4998417  0.50264542 0.50520015 0.50755338 0.5097858
 0.51189311 0.51387134]
avf of REG [ 7 ]: [0.51015614 0.5044391  0.50508752 0.51049884 0.51234287 0.54076301
 0.56121738 0.5766185  0.58834251 0.59789049 0.60584414 0.61218184
 0.61773532 0.62255158 0.62673815 0.63057099 0.63404063 0.63701101
 0.63962484 0.64190618 0.64408869 0.64599986 0.64770007 0.6492678
 0.65073433 0.65210882 0.65335542 0.65446274 0.65558411 0.65669718
 0.65761511 0.65843069]
avf of REG [ 8 ]: [0.14950368 0.14549131 0.14411612 0.19765947 0.2113683  0.23712949
 0.25569732 0.26996463 0.28130157 0.29047839 0.29796571 0.30429849
 0.30973611 0.31438213 0.31820827 0.32161085 0.32447663 0.32719192
 0.3296081  0.33173495 0.33359988 0.3354008  0.33705214 0.338504
 0.3398762  0.34117252 0.3423191  0.34342223 0.34443843 0.34535309
 0.34624169 0.34708418]
avf of REG [ 9 ]: [0.04527504 0.04199601 0.0408142  0.09288264 0.17518756 0.2273718
 0.26515599 0.29376994 0.31622813 0.33430113 0.34914747 0.36168275
 0.37224297 0.38128337 0.38922105 0.39616459 0.40233265 0.40787178
 0.41263714 0.41702904 0.4210647  0.42470161 0.42805787 0.43110895
 0.43390806 0.43651646 0.43888776 0.4411478  0.44322425 0.44519832
 0.44697751 0.44873132]
avf of REG [ 10 ]: [0.04730108 0.04276034 0.04150915 0.11657915 0.13519461 0.16315897
 0.18381861 0.19913184 0.21130985 0.22101935 0.22906531 0.23565799
 0.24134868 0.24627151 0.25051878 0.25426371 0.25760053 0.2604566
 0.26314035 0.26553743 0.26772771 0.26969251 0.27141342 0.27308439
 0.27461319 0.27604791 0.2773364  0.27850353 0.27960736 0.28069232
 0.28167024 0.28258482]
avf of REG [ 11 ]: [0.05330145 0.04886783 0.04773737 0.09889331 0.18053757 0.23307537
 0.27149463 0.30022485 0.32273384 0.34086104 0.35575462 0.36803518
 0.37858936 0.38770603 0.39555022 0.40256951 0.40886527 0.41436279
 0.41922838 0.42364304 0.42779766 0.43147039 0.43478569 0.43788866
 0.44070757 0.44330603 0.44576413 0.44798133 0.45003851 0.45211189
 0.4539244  0.45561298]
avf of REG [ 12 ]: [0.00459202 0.00255783 0.00185458 0.0589798  0.09135984 0.08230859
 0.0757282  0.07074807 0.06686694 0.06372863 0.06118136 0.05903233
 0.05722204 0.05564896 0.05429387 0.05308489 0.05201579 0.05105682
 0.05021014 0.04944823 0.04874633 0.04811986 0.0475404  0.04701139
 0.04653134 0.04609122 0.04566427 0.04528429 0.04492655 0.04457418
 0.04425936 0.0439695 ]
avf of REG [ 13 ]: [0.91027771 0.91176053 0.9118394  0.91979147 0.91788008 0.91153061
 0.90704383 0.90357779 0.90090773 0.89876958 0.8970381  0.89556285
 0.89431235 0.89322026 0.89228714 0.89143033 0.89070984 0.89001698
 0.8894436  0.88894375 0.88847482 0.88806329 0.88764961 0.88730601
 0.88697163 0.88665038 0.88638751 0.88612453 0.88586057 0.88564568
 0.88544199 0.88526826]
avf of REG [ 14 ]: [0.01460318 0.01151474 0.01041776 0.05628264 0.07882912 0.06631455
 0.05724335 0.05038348 0.04499462 0.04065877 0.03708876 0.03410485
 0.03156788 0.02939038 0.02749634 0.02583333 0.02436247 0.02305436
 0.02187513 0.0208198  0.01986309 0.01899301 0.01819676 0.017468
 0.01679606 0.01617522 0.0155998  0.01506425 0.01456483 0.01409902
 0.01366436 0.01325008]
avf of REG [ 15 ]: [0.98980328 0.9944771  0.99604808 0.99459633 0.93385672 0.85963817
 0.80549506 0.7647559  0.73292322 0.70734626 0.68620143 0.66854576
 0.65365695 0.64086134 0.62955797 0.61959924 0.61069886 0.60297154
 0.59604385 0.58962246 0.58388595 0.5786053  0.57394268 0.56949341
 0.56544884 0.56186832 0.5583177  0.55512769 0.55218    0.54932895
 0.54666562 0.54431514]
average AVF of Arch Regs at the end of analyzing window:  0.43636571321754974
