Time has passed:  7507.505486819893 seconds
avf of REG [ 0 ]: [0.82671995 0.90872788 0.93667938 0.95077946 0.95928705 0.96495478
 0.96899778 0.97205987 0.97446384 0.97636286 0.97792644 0.97921262
 0.98031457 0.98125995 0.98208093 0.98279772 0.98343334 0.98399555
 0.98449845 0.9849513  0.98536301 0.98573681 0.98607845 0.98639417
 0.98668657 0.98695816 0.98719679 0.98742043 0.98763051 0.98782567
 0.9880082  0.98754449]
avf of REG [ 1 ]: [0.6157208  0.65346084 0.66630187 0.672803   0.67672837 0.6793276
 0.68118895 0.68259618 0.68368608 0.68462253 0.68540945 0.686053
 0.68659946 0.68706609 0.6874723  0.68782598 0.6881416  0.68841844
 0.68866882 0.68889202 0.68909451 0.68927958 0.68944767 0.68960511
 0.6897315  0.68984278 0.68993747 0.69002422 0.69010727 0.69018474
 0.69025688 0.69019052]
avf of REG [ 2 ]: [0.72353682 0.84054907 0.88042727 0.90047325 0.91247022 0.92063356
 0.92648508 0.93074761 0.93404597 0.93663157 0.93876393 0.94054274
 0.9420838  0.94338002 0.94451153 0.94550382 0.94637004 0.94715371
 0.94786394 0.9484914  0.94906218 0.94956249 0.9500408  0.95044403
 0.95083009 0.95120096 0.95157071 0.95194801 0.95228697 0.95260268
 0.9528914  0.95256997]
avf of REG [ 3 ]: [0.14333412 0.12594411 0.12011722 0.11726107 0.11558204 0.11454341
 0.11371613 0.11310927 0.11275339 0.11246359 0.11221291 0.11201122
 0.111855   0.11171783 0.11159509 0.1115013  0.11140094 0.11132748
 0.11126232 0.11120164 0.11113612 0.11107219 0.11101785 0.11095491
 0.11090081 0.11085824 0.11077056 0.11071504 0.11066088 0.11059799
 0.11053083 0.11059373]
avf of REG [ 4 ]: [0.17704443 0.09069187 0.06131375 0.04651875 0.03760621 0.03166471
 0.02740185 0.02418398 0.02167427 0.0196532  0.01799317 0.01660828
 0.01543889 0.01443671 0.01356558 0.01280467 0.01213034 0.01153338
 0.01099896 0.01051754 0.01008088 0.00968221 0.00931872 0.00898633
 0.00868364 0.0084074  0.00815558 0.00792669 0.00771316 0.00751219
 0.00732288 0.00783676]
avf of REG [ 5 ]: [0.16045763 0.08233469 0.05571148 0.04227307 0.03416074 0.02873561
 0.0248764  0.02197639 0.01970541 0.01794084 0.01650964 0.01532113
 0.01430803 0.01343716 0.0126842  0.01202623 0.01144599 0.01092907
 0.01046586 0.01004977 0.00967262 0.00933213 0.00902026 0.00873191
 0.00845229 0.00818626 0.007943   0.0077117  0.00749586 0.00729692
 0.00711219 0.00757952]
avf of REG [ 6 ]: [0.79743933 0.88794613 0.91879426 0.93429985 0.94357617 0.94990897
 0.95445208 0.95774991 0.96032309 0.96228337 0.96388271 0.96521409
 0.96637886 0.96736027 0.9682117  0.96896309 0.96961265 0.9702079
 0.9707436  0.97121888 0.97164958 0.97202691 0.97238774 0.97268949
 0.97299748 0.97329735 0.97359476 0.97390015 0.97417387 0.97442683
 0.97465751 0.97439214]
avf of REG [ 7 ]: [0.79822889 0.89723221 0.93098183 0.94796068 0.9581933  0.9650363
 0.96991383 0.97359514 0.97646103 0.97875999 0.98062276 0.98218464
 0.98350169 0.98463095 0.98560918 0.98647154 0.98723234 0.98791204
 0.98851549 0.98905987 0.98955235 0.99000593 0.99041383 0.9907915
 0.99114121 0.99146125 0.99174696 0.99202498 0.99228104 0.99251969
 0.99274542 0.99251792]
avf of REG [ 8 ]: [0.77266088 0.88453931 0.92261833 0.94180357 0.95336464 0.96109077
 0.96662119 0.97077471 0.97400643 0.97658536 0.978705   0.98045898
 0.98195642 0.98323996 0.98435198 0.98532675 0.98618644 0.98695168
 0.98763639 0.98825231 0.9888104  0.98931792 0.98978055 0.9902057
 0.99059683 0.99095792 0.99128917 0.99160006 0.99188896 0.99215873
 0.99241169 0.99219458]
avf of REG [ 9 ]: [0.74709772 0.85888717 0.89702798 0.91618373 0.92767087 0.93548611
 0.94106238 0.94515549 0.94835403 0.95082247 0.95281512 0.9544953
 0.95593857 0.95715674 0.95821559 0.95915253 0.95996825 0.96071171
 0.9613758  0.96196678 0.96250219 0.96297818 0.9634258  0.96381091
 0.96419577 0.96456552 0.96491949 0.96528611 0.96561559 0.9659193
 0.96619871 0.96590211]
avf of REG [ 10 ]: [0.7084272  0.83970253 0.88447435 0.90697171 0.92047263 0.92963324
 0.93617305 0.94098939 0.94475022 0.94766928 0.95003059 0.95201852
 0.95372202 0.95516368 0.95641607 0.95752264 0.95848789 0.95936451
 0.96014756 0.96084584 0.96147817 0.96204248 0.96257058 0.96302965
 0.96348257 0.96391499 0.9643274  0.96474806 0.96512785 0.96547853
 0.96580188 0.96525621]
avf of REG [ 11 ]: [0.69703975 0.8334638  0.8799894  0.90337052 0.91740406 0.92692037
 0.9337142  0.93872387 0.94263456 0.94572579 0.94824244 0.95036159
 0.95217273 0.95370471 0.95503839 0.95621736 0.95724679 0.95817932
 0.95901263 0.95975635 0.96042847 0.96103063 0.96159241 0.96207983
 0.96254357 0.96298022 0.96339289 0.963814   0.96419421 0.9645453
 0.96486903 0.96450537]
avf of REG [ 12 ]: [0.16756242 0.08525005 0.05723382 0.04311707 0.03461222 0.02892601
 0.02485524 0.02180393 0.01942973 0.01758333 0.01608471 0.01483722
 0.01377617 0.01286487 0.01207726 0.01138928 0.01078228 0.01024125
 0.00975688 0.00932143 0.00892583 0.00856829 0.00824027 0.0079381
 0.00764427 0.00736678 0.00710525 0.00686169 0.00663528 0.00642392
 0.00622635 0.00630587]
avf of REG [ 13 ]: [0.97477363 0.98711418 0.99135798 0.99346789 0.99475313 0.99561809
 0.99621382 0.9966762  0.99703973 0.99733361 0.99755642 0.99775217
 0.99791149 0.99804728 0.99816395 0.99827378 0.99836969 0.99845877
 0.99853156 0.99859901 0.9986592  0.99871865 0.99876763 0.99881797
 0.9988647  0.99890549 0.99894527 0.99898212 0.9990151  0.999044
 0.99907275 0.99909995]
avf of REG [ 14 ]: [0.49656152 0.58588244 0.61631118 0.63164775 0.64083241 0.64710267
 0.65158976 0.6548407  0.65738156 0.65937463 0.66100712 0.6623699
 0.66355287 0.66454908 0.66541362 0.66617631 0.66683629 0.66744015
 0.66798602 0.66846835 0.66890315 0.66928399 0.66964884 0.66995528
 0.67025315 0.67054069 0.67082191 0.67111261 0.67137395 0.67161384
 0.67182963 0.67129375]
avf of REG [ 15 ]: [0.20144729 0.10231078 0.06856802 0.05156394 0.04131652 0.03447097
 0.02957114 0.02589076 0.02302757 0.0207352  0.01885796 0.0172926
 0.01596746 0.01483084 0.01384514 0.01298257 0.01222088 0.01154387
 0.01093791 0.0103924  0.0098986  0.00944955 0.00903953 0.00866346
 0.00831742 0.00799796 0.00770176 0.00742689 0.0071709  0.00693191
 0.00670829 0.00760934]
average AVF of Arch Regs at the end of analyzing window:  0.6434620139773993
