Time has passed:  20075.796322163194 seconds
avf of REG [ 0 ]: [0.08138299 0.07452709 0.07234158 0.07123967 0.07078232 0.09902774
 0.15905223 0.2087864  0.24130227 0.27010223 0.29365958 0.31345235
 0.3299882  0.34442227 0.35689908 0.36771838 0.37734591 0.38588433
 0.39357464 0.40053197 0.40679981 0.41253769 0.41778195 0.42255654
 0.42692976 0.43097898 0.43473564 0.43822522 0.44147508 0.44450311
 0.44734506 0.44997278]
avf of REG [ 1 ]: [0.45204278 0.45370286 0.45291641 0.45197659 0.45124816 0.46154651
 0.48044765 0.5100221  0.4970093  0.48331587 0.47228071 0.46318292
 0.45563244 0.44862269 0.44241558 0.4375014  0.43310326 0.42919006
 0.4254392  0.42213693 0.41920299 0.41633627 0.41373698 0.4114399
 0.40940789 0.40746302 0.40555709 0.40401155 0.40243008 0.40087094
 0.39942133 0.39812777]
avf of REG [ 2 ]: [0.19646729 0.19463033 0.19376085 0.19316205 0.19254382 0.21416512
 0.27186645 0.31541832 0.3292777  0.34031897 0.3492827  0.35692514
 0.36350151 0.36914851 0.37393157 0.3781985  0.38191534 0.38504762
 0.3880753  0.39075637 0.39312316 0.39527821 0.39727458 0.39918893
 0.40082778 0.40233341 0.4037626  0.40508644 0.40636116 0.4075032
 0.4086074  0.40956169]
avf of REG [ 3 ]: [0.30476321 0.30602982 0.30556204 0.30642633 0.30569255 0.32194632
 0.36560003 0.40317529 0.39803496 0.38352251 0.37144907 0.36153494
 0.35328991 0.3459999  0.3395485  0.33411938 0.32920145 0.32483924
 0.32093572 0.31742394 0.31431405 0.31133584 0.30856861 0.30616923
 0.30402745 0.30187233 0.29988625 0.298214   0.29657166 0.29498284
 0.29351003 0.2921076 ]
avf of REG [ 4 ]: [0.38848526 0.38784208 0.38459951 0.38395188 0.38322789 0.37029948
 0.37412163 0.41321692 0.42178467 0.42926112 0.43553312 0.44077209
 0.44496753 0.4482983  0.4512658  0.45401033 0.45659765 0.4590489
 0.46103861 0.46260145 0.46420607 0.46537872 0.46642604 0.4675077
 0.46873222 0.46965367 0.47032484 0.47144364 0.47214793 0.4727701
 0.47333453 0.473974  ]
avf of REG [ 5 ]: [0.35252545 0.35122002 0.34841614 0.34763038 0.3464322  0.36694439
 0.42323452 0.45708864 0.47083574 0.48459824 0.49577669 0.50494777
 0.51270275 0.51987972 0.52612938 0.53121131 0.53572122 0.53960491
 0.54341565 0.54677338 0.54952927 0.55228498 0.5548584  0.55709273
 0.55902794 0.56100758 0.56290407 0.56438596 0.56596084 0.56746471
 0.56886998 0.57011767]
avf of REG [ 6 ]: [0.10706948 0.09746387 0.09457512 0.0928057  0.09181405 0.12080878
 0.16228988 0.15217102 0.18952638 0.21662255 0.23903906 0.25784111
 0.27422253 0.28757128 0.29896627 0.309555   0.31883986 0.32699722
 0.33422406 0.34067895 0.34658742 0.35169282 0.35649874 0.36107156
 0.36530186 0.36908918 0.37252235 0.37596813 0.3790396  0.38182237
 0.38435962 0.3868365 ]
avf of REG [ 7 ]: [0.50896272 0.50466837 0.50599999 0.50435081 0.50394087 0.51994261
 0.52512701 0.49220696 0.53218861 0.56736481 0.59595924 0.61964693
 0.63944521 0.65745765 0.67314159 0.68619346 0.69771672 0.7078896
 0.71735026 0.72595724 0.73338462 0.74055066 0.74710231 0.75283738
 0.75801646 0.76305826 0.76788148 0.77184138 0.77580588 0.77967742
 0.7832992  0.78639841]
avf of REG [ 8 ]: [0.14782555 0.14339331 0.14235994 0.14156309 0.14125666 0.16894995
 0.20591459 0.19306167 0.19667806 0.20337783 0.20910521 0.21401137
 0.21822664 0.22134706 0.22400315 0.22663512 0.22906077 0.23117213
 0.23300034 0.23444753 0.23591855 0.23705775 0.23816683 0.23932764
 0.24044187 0.241371   0.24216201 0.24316113 0.243905   0.24455534
 0.24507528 0.24575466]
avf of REG [ 9 ]: [0.04442751 0.04124325 0.04022713 0.03971922 0.03939578 0.03800066
 0.07163304 0.12751166 0.16941951 0.20715607 0.23817174 0.26409423
 0.28613932 0.3049185  0.32117942 0.33550752 0.34817852 0.35940709
 0.36948209 0.37850427 0.38664987 0.3940706  0.40087198 0.40714808
 0.41291798 0.41826182 0.42322104 0.42781007 0.43208072 0.4360684
 0.43975268 0.44330633]
avf of REG [ 10 ]: [0.04611955 0.0419857  0.04078572 0.04015195 0.03978265 0.07071642
 0.12330837 0.1175756  0.1686582  0.22414222 0.26905092 0.30614671
 0.33710967 0.3658223  0.39086139 0.41129576 0.42929897 0.44508352
 0.4600144  0.47369086 0.48547375 0.49706708 0.50774179 0.51683896
 0.52493168 0.53305486 0.54096955 0.54707447 0.55339579 0.55965631
 0.56549309 0.57057601]
avf of REG [ 11 ]: [0.05209277 0.04809938 0.04703669 0.04640268 0.04602643 0.0443112
 0.0773692  0.13288692 0.18006299 0.22366772 0.25913321 0.28861491
 0.31333384 0.33538434 0.35454587 0.37078912 0.38518448 0.39788471
 0.40951897 0.42009977 0.4294601  0.43826758 0.44633252 0.45348907
 0.46001236 0.46623035 0.47209344 0.47718938 0.48210129 0.48685081
 0.49127012 0.49531069]
avf of REG [ 12 ]: [0.00427639 0.0023778  0.00173368 0.00139281 0.00118873 0.00105139
 0.03794863 0.09793159 0.09957468 0.09465377 0.09066066 0.08728061
 0.08433515 0.08186301 0.07976869 0.07785892 0.07616666 0.07472041
 0.0734188  0.07223055 0.07116661 0.07021198 0.06933409 0.06849028
 0.06775043 0.06705516 0.06641425 0.06582869 0.06524446 0.06473491
 0.06427204 0.06380677]
avf of REG [ 13 ]: [0.91134484 0.91282585 0.91277108 0.91288173 0.91323228 0.88367229
 0.8859173  0.88749811 0.8853741  0.88129097 0.87792591 0.87513687
 0.87279619 0.87066602 0.86884706 0.86729844 0.8659477  0.86476668
 0.86366298 0.86262472 0.86177733 0.86091526 0.8601214  0.85942453
 0.85887375 0.85825958 0.85766464 0.8572347  0.85675244 0.85628136
 0.85585239 0.85549756]
avf of REG [ 14 ]: [0.01435267 0.01120876 0.010269   0.00961687 0.00913458 0.00866827
 0.03738088 0.08698721 0.08428201 0.07603426 0.06928457 0.06365518
 0.05888913 0.05479241 0.05123244 0.04812284 0.0453721  0.04292063
 0.04072521 0.03875391 0.03696293 0.03533579 0.03384738 0.03248443
 0.03122871 0.03006934 0.02899617 0.02800051 0.02707501 0.02620845
 0.02539987 0.02463801]
avf of REG [ 15 ]: [0.99072917 0.99493162 0.99631281 0.99704083 0.99750983 0.96535098
 0.96099877 0.95803425 0.95844379 0.95857925 0.95825567 0.95750268
 0.95639739 0.95753176 0.95866039 0.95820623 0.95770364 0.95713148
 0.95733245 0.95778581 0.95754752 0.95826874 0.95895728 0.95887772
 0.9584996  0.95883402 0.95954533 0.95888609 0.95897521 0.95942971
 0.95984173 0.9599426 ]
average AVF of Arch Regs at the end of analyzing window:  0.4641205666091706
