Time has passed:  15787.03304503602 seconds
avf of REG [ 0 ]: [0.50292705 0.50411568 0.50447375 0.50428012 0.50419315 0.50409611
 0.50404554 0.50401601 0.50398516 0.50395496 0.5039418  0.50392085
 0.50390635 0.50390158 0.50388441 0.50387747 0.50387703 0.50386111
 0.50385236 0.50384933 0.50383877 0.50383601 0.50383337 0.50382329
 0.50382103 0.50381905 0.50379771 0.50377153 0.50374607 0.50373239
 0.50373559 0.50365608]
avf of REG [ 1 ]: [0.48416758 0.48242531 0.48193575 0.48149722 0.48124438 0.48111071
 0.48098075 0.48087908 0.4808525  0.4807806  0.48072334 0.48070261
 0.48066336 0.48063571 0.48062445 0.48059259 0.48056916 0.48056652
 0.48054385 0.48053293 0.48052531 0.48050654 0.48049755 0.48049054
 0.48047577 0.48047367 0.48043899 0.48037503 0.48032535 0.48030411
 0.480303   0.48030355]
avf of REG [ 2 ]: [0.61333008 0.61690454 0.61839556 0.62026546 0.62140088 0.62214387
 0.62270968 0.62312797 0.62348556 0.62373819 0.6239261  0.62411885
 0.62426543 0.62439834 0.62452407 0.62460434 0.62469196 0.62478422
 0.62485032 0.62491667 0.6249804  0.62501441 0.62506536 0.62511425
 0.62515182 0.6251941  0.62517809 0.6251346  0.62509593 0.6250985
 0.62513177 0.62491737]
avf of REG [ 3 ]: [0.7465799  0.76074949 0.7656639  0.76758599 0.76874025 0.76941828
 0.77000897 0.77044797 0.77076296 0.77104246 0.77123209 0.77139045
 0.77155887 0.77168915 0.77181119 0.7718916  0.7719841  0.77206306
 0.77214292 0.77220144 0.77226313 0.77230366 0.77234799 0.77239435
 0.77243956 0.77247738 0.77249577 0.77253446 0.77256306 0.77259632
 0.77262291 0.77234247]
avf of REG [ 4 ]: [0.58877675 0.58478885 0.58356045 0.58395236 0.5841636  0.58434696
 0.58444242 0.58451893 0.58461173 0.58466558 0.58468667 0.58473681
 0.58476681 0.58479278 0.58482352 0.58483738 0.58484815 0.58487152
 0.58488672 0.58490002 0.58491591 0.58492334 0.58493358 0.58493888
 0.58494656 0.5849545  0.58498412 0.58503076 0.58508076 0.58510658
 0.58511026 0.58509687]
avf of REG [ 5 ]: [0.64049959 0.6534519  0.65791852 0.65932181 0.66021015 0.6607504
 0.66117202 0.66149876 0.66171962 0.66192237 0.66209027 0.6622289
 0.66234556 0.66245416 0.6625223  0.66259781 0.66267398 0.6627202
 0.66277619 0.66282737 0.66286378 0.66290205 0.66294321 0.662976
 0.66300936 0.66303746 0.66308509 0.66316395 0.66323618 0.66327044
 0.66328776 0.66319268]
avf of REG [ 6 ]: [0.49059333 0.50151052 0.50531791 0.50707161 0.50813387 0.50879108
 0.50930943 0.50969704 0.50996531 0.5102215  0.51041563 0.51056264
 0.5107121  0.51083181 0.51092653 0.51101793 0.5111008  0.51116202
 0.51123532 0.51129072 0.51134057 0.51139005 0.51143235 0.51147194
 0.51151044 0.51154364 0.51152472 0.5114682  0.51140971 0.51139981
 0.51143214 0.51146472]
avf of REG [ 7 ]: [0.53737128 0.54500088 0.54775398 0.55020202 0.55168668 0.55261713
 0.55334815 0.5538907  0.55428605 0.55463134 0.55490187 0.55512295
 0.55532451 0.55549811 0.55563548 0.55575941 0.55587705 0.55596997
 0.55606472 0.55614616 0.55621435 0.55628035 0.55634189 0.55639685
 0.55645191 0.55650205 0.55649465 0.55644806 0.55640419 0.55640368
 0.55644707 0.55635786]
avf of REG [ 8 ]: [0.35356809 0.35908544 0.36101035 0.36160269 0.36197357 0.36218556
 0.36237566 0.36251629 0.36261584 0.36270326 0.3627638  0.36281439
 0.36286522 0.36291159 0.36294764 0.36297121 0.36300307 0.36302665
 0.36305116 0.36307145 0.36308884 0.36310099 0.36311742 0.36313115
 0.36314803 0.36315884 0.36314235 0.36311084 0.36307619 0.36306973
 0.36308187 0.36313268]
avf of REG [ 9 ]: [0.35425369 0.36486304 0.36850696 0.36964342 0.37031408 0.37072461
 0.37106698 0.37132328 0.37149504 0.37165287 0.37177865 0.37186963
 0.37196732 0.37204124 0.37210327 0.37216317 0.37221692 0.37225818
 0.37230317 0.37233615 0.37237353 0.37240013 0.37242563 0.37245581
 0.3724824  0.37250209 0.37252721 0.37257086 0.37260231 0.37262745
 0.37263919 0.37265516]
avf of REG [ 10 ]: [0.32899341 0.33763221 0.34077327 0.34284812 0.34410264 0.34497167
 0.34558017 0.34603809 0.34639909 0.34668555 0.34692861 0.34711102
 0.34727934 0.34741504 0.34754391 0.34765578 0.34774598 0.34783568
 0.34791095 0.34797309 0.34803818 0.3481028  0.34814762 0.34819649
 0.34823955 0.34827766 0.34829332 0.34827678 0.34825686 0.3482707
 0.34830066 0.34823319]
avf of REG [ 11 ]: [0.19867188 0.20194145 0.20305132 0.20372376 0.2041246  0.20435866
 0.20457108 0.20472626 0.20482915 0.20493278 0.20500476 0.20506425
 0.20512366 0.20516936 0.2052071  0.20524078 0.20527507 0.20530043
 0.20532923 0.2053468  0.20536925 0.20538479 0.20539771 0.20541889
 0.20543489 0.20544746 0.20546401 0.205492   0.20551302 0.20552887
 0.20553608 0.20557952]
avf of REG [ 12 ]: [0.34118394 0.35155242 0.35507054 0.35600408 0.35657069 0.35687098
 0.35717115 0.35738977 0.35753497 0.35767364 0.3577674  0.35784831
 0.3579321  0.35799671 0.35805092 0.35808786 0.35813543 0.35817017
 0.35821164 0.3582448  0.35826989 0.35828728 0.35831243 0.35833504
 0.35835645 0.35837875 0.35836133 0.35834597 0.35832701 0.35832474
 0.35834042 0.35818576]
avf of REG [ 13 ]: [0.99631392 0.99805086 0.99867482 0.99899525 0.99916767 0.99929952
 0.99939787 0.99946534 0.99952199 0.99956921 0.99960701 0.99963857
 0.99966588 0.99968954 0.99970878 0.99972666 0.99973551 0.99975011
 0.99976318 0.99977495 0.99978524 0.99979489 0.99980317 0.99981115
 0.99981717 0.99982382 0.99983032 0.99983635 0.99984197 0.99984702
 0.99985121 0.9998559 ]
avf of REG [ 14 ]: [0.25486479 0.26235248 0.26500724 0.26746176 0.26895228 0.26990142
 0.27063111 0.27118997 0.27159332 0.27194619 0.27221716 0.27243554
 0.27263973 0.27280975 0.27295017 0.27307545 0.2731945  0.273291
 0.27339218 0.27346563 0.27354229 0.2736069  0.27366455 0.27372434
 0.27378084 0.27382644 0.27383775 0.27383477 0.27382067 0.27384026
 0.27387841 0.27378611]
avf of REG [ 15 ]: [0.98837075 0.99353311 0.99557068 0.99655343 0.99719737 0.99765417
 0.99794279 0.99816997 0.99835449 0.99846328 0.99859363 0.99870534
 0.99876847 0.99885175 0.99891536 0.99896008 0.99901221 0.99906208
 0.99907739 0.99911876 0.99914361 0.99915739 0.9991937  0.9992161
 0.99923946 0.99926397 0.99928469 0.99930809 0.99933071 0.99933791
 0.99935764 0.99936993]
average AVF of Arch Regs at the end of analyzing window:  0.5386331152705846
